{
 "cells": [
  {
   "cell_type": "code",
   "execution_count": 2,
   "id": "fff1b037-ac44-41c1-9647-9c1ccc41ddde",
   "metadata": {},
   "outputs": [],
   "source": [
    "import numpy as np\n",
    "import pandas as pd\n",
    "import matplotlib.pyplot as plt\n",
    "import seaborn as sns"
   ]
  },
  {
   "cell_type": "code",
   "execution_count": 3,
   "id": "54cdd873-531a-46da-9a54-9f4ea68e92da",
   "metadata": {},
   "outputs": [],
   "source": [
    "sns.set_theme(style=\"white\")"
   ]
  },
  {
   "cell_type": "code",
   "execution_count": 4,
   "id": "14665496-2048-4442-83e4-2feb111ad6c0",
   "metadata": {},
   "outputs": [],
   "source": [
    "corr_MNR = pd.read_csv(\"../Data/Final/correlation_matrix_MNR.csv\")\n",
    "corr_Earl = pd.read_csv(\"../Data/Final/correlation_matrix_Earl.csv\")"
   ]
  },
  {
   "cell_type": "code",
   "execution_count": 5,
   "id": "40c9a7bf-5f21-40cb-9edf-c635d69c57a8",
   "metadata": {},
   "outputs": [],
   "source": [
    "corr_MNR = corr_MNR.iloc[:,1:]\n",
    "corr_Earl = corr_Earl.iloc[:,1:]"
   ]
  },
  {
   "cell_type": "code",
   "execution_count": 6,
   "id": "e74009ba-71fc-47cc-bce8-ef645a5e78d9",
   "metadata": {},
   "outputs": [],
   "source": [
    "corr_MNR.index = corr_MNR.columns\n",
    "corr_Earl.index = corr_MNR.columns"
   ]
  },
  {
   "cell_type": "code",
   "execution_count": 7,
   "id": "e6f6a04d-f48e-402b-a5e8-d1a8077085df",
   "metadata": {},
   "outputs": [
    {
     "data": {
      "text/html": [
       "<div>\n",
       "<style scoped>\n",
       "    .dataframe tbody tr th:only-of-type {\n",
       "        vertical-align: middle;\n",
       "    }\n",
       "\n",
       "    .dataframe tbody tr th {\n",
       "        vertical-align: top;\n",
       "    }\n",
       "\n",
       "    .dataframe thead th {\n",
       "        text-align: right;\n",
       "    }\n",
       "</style>\n",
       "<table border=\"1\" class=\"dataframe\">\n",
       "  <thead>\n",
       "    <tr style=\"text-align: right;\">\n",
       "      <th></th>\n",
       "      <th>OFD_Expected</th>\n",
       "      <th>other</th>\n",
       "      <th>OFD</th>\n",
       "      <th>Slam</th>\n",
       "      <th>Earlies_Exp</th>\n",
       "      <th>Earlies_Rec</th>\n",
       "      <th>MNR_SNR_Exp</th>\n",
       "      <th>Rollover</th>\n",
       "      <th>Returns</th>\n",
       "      <th>R_Sideline</th>\n",
       "      <th>...</th>\n",
       "      <th>weekday</th>\n",
       "      <th>week_no</th>\n",
       "      <th>country_code</th>\n",
       "      <th>station_code</th>\n",
       "      <th>fc_codes_0</th>\n",
       "      <th>fc_codes_1</th>\n",
       "      <th>fc_codes_2</th>\n",
       "      <th>fc_codes_3</th>\n",
       "      <th>fc_codes_4</th>\n",
       "      <th>fc_codes_5</th>\n",
       "    </tr>\n",
       "  </thead>\n",
       "  <tbody>\n",
       "    <tr>\n",
       "      <th>OFD_Expected</th>\n",
       "      <td>1.000000</td>\n",
       "      <td>-0.196114</td>\n",
       "      <td>0.969790</td>\n",
       "      <td>0.982401</td>\n",
       "      <td>0.459840</td>\n",
       "      <td>0.523291</td>\n",
       "      <td>0.425386</td>\n",
       "      <td>0.232141</td>\n",
       "      <td>0.593163</td>\n",
       "      <td>0.070843</td>\n",
       "      <td>...</td>\n",
       "      <td>-0.214981</td>\n",
       "      <td>-0.060773</td>\n",
       "      <td>0.165254</td>\n",
       "      <td>0.615035</td>\n",
       "      <td>0.055964</td>\n",
       "      <td>0.018125</td>\n",
       "      <td>-0.178992</td>\n",
       "      <td>-0.018262</td>\n",
       "      <td>-0.096801</td>\n",
       "      <td>-0.215261</td>\n",
       "    </tr>\n",
       "    <tr>\n",
       "      <th>other</th>\n",
       "      <td>-0.196114</td>\n",
       "      <td>1.000000</td>\n",
       "      <td>-0.180966</td>\n",
       "      <td>-0.183832</td>\n",
       "      <td>-0.150969</td>\n",
       "      <td>-0.159168</td>\n",
       "      <td>-0.157671</td>\n",
       "      <td>-0.347974</td>\n",
       "      <td>-0.107830</td>\n",
       "      <td>-0.101579</td>\n",
       "      <td>...</td>\n",
       "      <td>-0.010271</td>\n",
       "      <td>0.043272</td>\n",
       "      <td>-0.091100</td>\n",
       "      <td>-0.190126</td>\n",
       "      <td>-0.060768</td>\n",
       "      <td>0.046864</td>\n",
       "      <td>-0.034695</td>\n",
       "      <td>0.045427</td>\n",
       "      <td>0.089573</td>\n",
       "      <td>0.050925</td>\n",
       "    </tr>\n",
       "    <tr>\n",
       "      <th>OFD</th>\n",
       "      <td>0.969790</td>\n",
       "      <td>-0.180966</td>\n",
       "      <td>1.000000</td>\n",
       "      <td>0.960787</td>\n",
       "      <td>0.461995</td>\n",
       "      <td>0.522613</td>\n",
       "      <td>0.425077</td>\n",
       "      <td>0.222006</td>\n",
       "      <td>0.590796</td>\n",
       "      <td>0.059895</td>\n",
       "      <td>...</td>\n",
       "      <td>-0.214435</td>\n",
       "      <td>-0.050742</td>\n",
       "      <td>0.158037</td>\n",
       "      <td>0.606966</td>\n",
       "      <td>0.047536</td>\n",
       "      <td>0.023120</td>\n",
       "      <td>-0.179771</td>\n",
       "      <td>-0.019821</td>\n",
       "      <td>-0.098675</td>\n",
       "      <td>-0.220748</td>\n",
       "    </tr>\n",
       "    <tr>\n",
       "      <th>Slam</th>\n",
       "      <td>0.982401</td>\n",
       "      <td>-0.183832</td>\n",
       "      <td>0.960787</td>\n",
       "      <td>1.000000</td>\n",
       "      <td>0.453621</td>\n",
       "      <td>0.539743</td>\n",
       "      <td>0.437324</td>\n",
       "      <td>0.204646</td>\n",
       "      <td>0.567776</td>\n",
       "      <td>0.051821</td>\n",
       "      <td>...</td>\n",
       "      <td>-0.186469</td>\n",
       "      <td>-0.060488</td>\n",
       "      <td>0.166776</td>\n",
       "      <td>0.619503</td>\n",
       "      <td>0.062548</td>\n",
       "      <td>0.014478</td>\n",
       "      <td>-0.183761</td>\n",
       "      <td>-0.016666</td>\n",
       "      <td>-0.096762</td>\n",
       "      <td>-0.222918</td>\n",
       "    </tr>\n",
       "    <tr>\n",
       "      <th>Earlies_Exp</th>\n",
       "      <td>0.459840</td>\n",
       "      <td>-0.150969</td>\n",
       "      <td>0.461995</td>\n",
       "      <td>0.453621</td>\n",
       "      <td>1.000000</td>\n",
       "      <td>0.641676</td>\n",
       "      <td>0.343068</td>\n",
       "      <td>0.205759</td>\n",
       "      <td>0.235830</td>\n",
       "      <td>0.023157</td>\n",
       "      <td>...</td>\n",
       "      <td>0.076385</td>\n",
       "      <td>-0.159243</td>\n",
       "      <td>0.441709</td>\n",
       "      <td>0.591792</td>\n",
       "      <td>0.273591</td>\n",
       "      <td>0.142292</td>\n",
       "      <td>-0.041081</td>\n",
       "      <td>-0.060555</td>\n",
       "      <td>-0.109561</td>\n",
       "      <td>-0.063290</td>\n",
       "    </tr>\n",
       "    <tr>\n",
       "      <th>Earlies_Rec</th>\n",
       "      <td>0.523291</td>\n",
       "      <td>-0.159168</td>\n",
       "      <td>0.522613</td>\n",
       "      <td>0.539743</td>\n",
       "      <td>0.641676</td>\n",
       "      <td>1.000000</td>\n",
       "      <td>0.358330</td>\n",
       "      <td>0.227854</td>\n",
       "      <td>0.307341</td>\n",
       "      <td>0.179963</td>\n",
       "      <td>...</td>\n",
       "      <td>-0.063584</td>\n",
       "      <td>-0.155561</td>\n",
       "      <td>0.445836</td>\n",
       "      <td>0.601747</td>\n",
       "      <td>0.278933</td>\n",
       "      <td>0.141756</td>\n",
       "      <td>-0.043937</td>\n",
       "      <td>-0.062511</td>\n",
       "      <td>-0.113363</td>\n",
       "      <td>-0.066132</td>\n",
       "    </tr>\n",
       "    <tr>\n",
       "      <th>MNR_SNR_Exp</th>\n",
       "      <td>0.425386</td>\n",
       "      <td>-0.157671</td>\n",
       "      <td>0.425077</td>\n",
       "      <td>0.437324</td>\n",
       "      <td>0.343068</td>\n",
       "      <td>0.358330</td>\n",
       "      <td>1.000000</td>\n",
       "      <td>0.250009</td>\n",
       "      <td>0.203188</td>\n",
       "      <td>0.046118</td>\n",
       "      <td>...</td>\n",
       "      <td>-0.079360</td>\n",
       "      <td>-0.018827</td>\n",
       "      <td>0.362924</td>\n",
       "      <td>0.518559</td>\n",
       "      <td>0.224775</td>\n",
       "      <td>0.045277</td>\n",
       "      <td>-0.049159</td>\n",
       "      <td>-0.060757</td>\n",
       "      <td>-0.059399</td>\n",
       "      <td>-0.071138</td>\n",
       "    </tr>\n",
       "    <tr>\n",
       "      <th>Rollover</th>\n",
       "      <td>0.232141</td>\n",
       "      <td>-0.347974</td>\n",
       "      <td>0.222006</td>\n",
       "      <td>0.204646</td>\n",
       "      <td>0.205759</td>\n",
       "      <td>0.227854</td>\n",
       "      <td>0.250009</td>\n",
       "      <td>1.000000</td>\n",
       "      <td>0.131284</td>\n",
       "      <td>0.093744</td>\n",
       "      <td>...</td>\n",
       "      <td>-0.085288</td>\n",
       "      <td>-0.028807</td>\n",
       "      <td>0.225431</td>\n",
       "      <td>0.309104</td>\n",
       "      <td>0.157626</td>\n",
       "      <td>0.021670</td>\n",
       "      <td>0.029049</td>\n",
       "      <td>-0.050160</td>\n",
       "      <td>-0.072276</td>\n",
       "      <td>-0.021774</td>\n",
       "    </tr>\n",
       "    <tr>\n",
       "      <th>Returns</th>\n",
       "      <td>0.593163</td>\n",
       "      <td>-0.107830</td>\n",
       "      <td>0.590796</td>\n",
       "      <td>0.567776</td>\n",
       "      <td>0.235830</td>\n",
       "      <td>0.307341</td>\n",
       "      <td>0.203188</td>\n",
       "      <td>0.131284</td>\n",
       "      <td>1.000000</td>\n",
       "      <td>0.259542</td>\n",
       "      <td>...</td>\n",
       "      <td>-0.121350</td>\n",
       "      <td>-0.017490</td>\n",
       "      <td>0.059599</td>\n",
       "      <td>0.353186</td>\n",
       "      <td>-0.253217</td>\n",
       "      <td>0.179943</td>\n",
       "      <td>-0.059073</td>\n",
       "      <td>-0.063197</td>\n",
       "      <td>-0.098685</td>\n",
       "      <td>-0.138320</td>\n",
       "    </tr>\n",
       "    <tr>\n",
       "      <th>R_Sideline</th>\n",
       "      <td>0.070843</td>\n",
       "      <td>-0.101579</td>\n",
       "      <td>0.059895</td>\n",
       "      <td>0.051821</td>\n",
       "      <td>0.023157</td>\n",
       "      <td>0.179963</td>\n",
       "      <td>0.046118</td>\n",
       "      <td>0.093744</td>\n",
       "      <td>0.259542</td>\n",
       "      <td>1.000000</td>\n",
       "      <td>...</td>\n",
       "      <td>-0.263013</td>\n",
       "      <td>0.010634</td>\n",
       "      <td>0.164039</td>\n",
       "      <td>0.161345</td>\n",
       "      <td>0.074738</td>\n",
       "      <td>-0.004693</td>\n",
       "      <td>0.008011</td>\n",
       "      <td>-0.000284</td>\n",
       "      <td>-0.011973</td>\n",
       "      <td>-0.060541</td>\n",
       "    </tr>\n",
       "    <tr>\n",
       "      <th>Sideline</th>\n",
       "      <td>-0.104341</td>\n",
       "      <td>-0.069652</td>\n",
       "      <td>-0.102863</td>\n",
       "      <td>-0.085710</td>\n",
       "      <td>0.195119</td>\n",
       "      <td>0.033127</td>\n",
       "      <td>0.027867</td>\n",
       "      <td>0.005341</td>\n",
       "      <td>0.064708</td>\n",
       "      <td>0.123084</td>\n",
       "      <td>...</td>\n",
       "      <td>0.463976</td>\n",
       "      <td>-0.012648</td>\n",
       "      <td>0.153659</td>\n",
       "      <td>0.159994</td>\n",
       "      <td>0.060334</td>\n",
       "      <td>-0.001899</td>\n",
       "      <td>0.004996</td>\n",
       "      <td>0.000442</td>\n",
       "      <td>-0.005434</td>\n",
       "      <td>-0.052786</td>\n",
       "    </tr>\n",
       "    <tr>\n",
       "      <th>weekday</th>\n",
       "      <td>-0.214981</td>\n",
       "      <td>-0.010271</td>\n",
       "      <td>-0.214435</td>\n",
       "      <td>-0.186469</td>\n",
       "      <td>0.076385</td>\n",
       "      <td>-0.063584</td>\n",
       "      <td>-0.079360</td>\n",
       "      <td>-0.085288</td>\n",
       "      <td>-0.121350</td>\n",
       "      <td>-0.263013</td>\n",
       "      <td>...</td>\n",
       "      <td>1.000000</td>\n",
       "      <td>-0.034653</td>\n",
       "      <td>-0.030251</td>\n",
       "      <td>-0.022241</td>\n",
       "      <td>-0.060930</td>\n",
       "      <td>-0.018811</td>\n",
       "      <td>-0.015433</td>\n",
       "      <td>0.002930</td>\n",
       "      <td>0.002010</td>\n",
       "      <td>-0.003208</td>\n",
       "    </tr>\n",
       "    <tr>\n",
       "      <th>week_no</th>\n",
       "      <td>-0.060773</td>\n",
       "      <td>0.043272</td>\n",
       "      <td>-0.050742</td>\n",
       "      <td>-0.060488</td>\n",
       "      <td>-0.159243</td>\n",
       "      <td>-0.155561</td>\n",
       "      <td>-0.018827</td>\n",
       "      <td>-0.028807</td>\n",
       "      <td>-0.017490</td>\n",
       "      <td>0.010634</td>\n",
       "      <td>...</td>\n",
       "      <td>-0.034653</td>\n",
       "      <td>1.000000</td>\n",
       "      <td>-0.002055</td>\n",
       "      <td>-0.001062</td>\n",
       "      <td>-0.001248</td>\n",
       "      <td>-0.000472</td>\n",
       "      <td>0.000499</td>\n",
       "      <td>0.000858</td>\n",
       "      <td>-0.000796</td>\n",
       "      <td>-0.001235</td>\n",
       "    </tr>\n",
       "    <tr>\n",
       "      <th>country_code</th>\n",
       "      <td>0.165254</td>\n",
       "      <td>-0.091100</td>\n",
       "      <td>0.158037</td>\n",
       "      <td>0.166776</td>\n",
       "      <td>0.441709</td>\n",
       "      <td>0.445836</td>\n",
       "      <td>0.362924</td>\n",
       "      <td>0.225431</td>\n",
       "      <td>0.059599</td>\n",
       "      <td>0.164039</td>\n",
       "      <td>...</td>\n",
       "      <td>-0.030251</td>\n",
       "      <td>-0.002055</td>\n",
       "      <td>1.000000</td>\n",
       "      <td>0.699871</td>\n",
       "      <td>0.528446</td>\n",
       "      <td>0.246503</td>\n",
       "      <td>0.067389</td>\n",
       "      <td>-0.023354</td>\n",
       "      <td>-0.034422</td>\n",
       "      <td>-0.010164</td>\n",
       "    </tr>\n",
       "    <tr>\n",
       "      <th>station_code</th>\n",
       "      <td>0.615035</td>\n",
       "      <td>-0.190126</td>\n",
       "      <td>0.606966</td>\n",
       "      <td>0.619503</td>\n",
       "      <td>0.591792</td>\n",
       "      <td>0.601747</td>\n",
       "      <td>0.518559</td>\n",
       "      <td>0.309104</td>\n",
       "      <td>0.353186</td>\n",
       "      <td>0.161345</td>\n",
       "      <td>...</td>\n",
       "      <td>-0.022241</td>\n",
       "      <td>-0.001062</td>\n",
       "      <td>0.699871</td>\n",
       "      <td>1.000000</td>\n",
       "      <td>0.433461</td>\n",
       "      <td>0.087313</td>\n",
       "      <td>-0.094800</td>\n",
       "      <td>-0.117164</td>\n",
       "      <td>-0.114546</td>\n",
       "      <td>-0.137184</td>\n",
       "    </tr>\n",
       "    <tr>\n",
       "      <th>fc_codes_0</th>\n",
       "      <td>0.055964</td>\n",
       "      <td>-0.060768</td>\n",
       "      <td>0.047536</td>\n",
       "      <td>0.062548</td>\n",
       "      <td>0.273591</td>\n",
       "      <td>0.278933</td>\n",
       "      <td>0.224775</td>\n",
       "      <td>0.157626</td>\n",
       "      <td>-0.253217</td>\n",
       "      <td>0.074738</td>\n",
       "      <td>...</td>\n",
       "      <td>-0.060930</td>\n",
       "      <td>-0.001248</td>\n",
       "      <td>0.528446</td>\n",
       "      <td>0.433461</td>\n",
       "      <td>1.000000</td>\n",
       "      <td>-0.327842</td>\n",
       "      <td>-0.253474</td>\n",
       "      <td>-0.073616</td>\n",
       "      <td>0.052862</td>\n",
       "      <td>-0.138049</td>\n",
       "    </tr>\n",
       "    <tr>\n",
       "      <th>fc_codes_1</th>\n",
       "      <td>0.018125</td>\n",
       "      <td>0.046864</td>\n",
       "      <td>0.023120</td>\n",
       "      <td>0.014478</td>\n",
       "      <td>0.142292</td>\n",
       "      <td>0.141756</td>\n",
       "      <td>0.045277</td>\n",
       "      <td>0.021670</td>\n",
       "      <td>0.179943</td>\n",
       "      <td>-0.004693</td>\n",
       "      <td>...</td>\n",
       "      <td>-0.018811</td>\n",
       "      <td>-0.000472</td>\n",
       "      <td>0.246503</td>\n",
       "      <td>0.087313</td>\n",
       "      <td>-0.327842</td>\n",
       "      <td>1.000000</td>\n",
       "      <td>0.145352</td>\n",
       "      <td>-0.020182</td>\n",
       "      <td>-0.100593</td>\n",
       "      <td>0.080514</td>\n",
       "    </tr>\n",
       "    <tr>\n",
       "      <th>fc_codes_2</th>\n",
       "      <td>-0.178992</td>\n",
       "      <td>-0.034695</td>\n",
       "      <td>-0.179771</td>\n",
       "      <td>-0.183761</td>\n",
       "      <td>-0.041081</td>\n",
       "      <td>-0.043937</td>\n",
       "      <td>-0.049159</td>\n",
       "      <td>0.029049</td>\n",
       "      <td>-0.059073</td>\n",
       "      <td>0.008011</td>\n",
       "      <td>...</td>\n",
       "      <td>-0.015433</td>\n",
       "      <td>0.000499</td>\n",
       "      <td>0.067389</td>\n",
       "      <td>-0.094800</td>\n",
       "      <td>-0.253474</td>\n",
       "      <td>0.145352</td>\n",
       "      <td>1.000000</td>\n",
       "      <td>-0.102374</td>\n",
       "      <td>-0.183627</td>\n",
       "      <td>0.045272</td>\n",
       "    </tr>\n",
       "    <tr>\n",
       "      <th>fc_codes_3</th>\n",
       "      <td>-0.018262</td>\n",
       "      <td>0.045427</td>\n",
       "      <td>-0.019821</td>\n",
       "      <td>-0.016666</td>\n",
       "      <td>-0.060555</td>\n",
       "      <td>-0.062511</td>\n",
       "      <td>-0.060757</td>\n",
       "      <td>-0.050160</td>\n",
       "      <td>-0.063197</td>\n",
       "      <td>-0.000284</td>\n",
       "      <td>...</td>\n",
       "      <td>0.002930</td>\n",
       "      <td>0.000858</td>\n",
       "      <td>-0.023354</td>\n",
       "      <td>-0.117164</td>\n",
       "      <td>-0.073616</td>\n",
       "      <td>-0.020182</td>\n",
       "      <td>-0.102374</td>\n",
       "      <td>1.000000</td>\n",
       "      <td>0.138419</td>\n",
       "      <td>0.004589</td>\n",
       "    </tr>\n",
       "    <tr>\n",
       "      <th>fc_codes_4</th>\n",
       "      <td>-0.096801</td>\n",
       "      <td>0.089573</td>\n",
       "      <td>-0.098675</td>\n",
       "      <td>-0.096762</td>\n",
       "      <td>-0.109561</td>\n",
       "      <td>-0.113363</td>\n",
       "      <td>-0.059399</td>\n",
       "      <td>-0.072276</td>\n",
       "      <td>-0.098685</td>\n",
       "      <td>-0.011973</td>\n",
       "      <td>...</td>\n",
       "      <td>0.002010</td>\n",
       "      <td>-0.000796</td>\n",
       "      <td>-0.034422</td>\n",
       "      <td>-0.114546</td>\n",
       "      <td>0.052862</td>\n",
       "      <td>-0.100593</td>\n",
       "      <td>-0.183627</td>\n",
       "      <td>0.138419</td>\n",
       "      <td>1.000000</td>\n",
       "      <td>0.020498</td>\n",
       "    </tr>\n",
       "    <tr>\n",
       "      <th>fc_codes_5</th>\n",
       "      <td>-0.215261</td>\n",
       "      <td>0.050925</td>\n",
       "      <td>-0.220748</td>\n",
       "      <td>-0.222918</td>\n",
       "      <td>-0.063290</td>\n",
       "      <td>-0.066132</td>\n",
       "      <td>-0.071138</td>\n",
       "      <td>-0.021774</td>\n",
       "      <td>-0.138320</td>\n",
       "      <td>-0.060541</td>\n",
       "      <td>...</td>\n",
       "      <td>-0.003208</td>\n",
       "      <td>-0.001235</td>\n",
       "      <td>-0.010164</td>\n",
       "      <td>-0.137184</td>\n",
       "      <td>-0.138049</td>\n",
       "      <td>0.080514</td>\n",
       "      <td>0.045272</td>\n",
       "      <td>0.004589</td>\n",
       "      <td>0.020498</td>\n",
       "      <td>1.000000</td>\n",
       "    </tr>\n",
       "  </tbody>\n",
       "</table>\n",
       "<p>21 rows × 21 columns</p>\n",
       "</div>"
      ],
      "text/plain": [
       "              OFD_Expected     other       OFD      Slam  Earlies_Exp  \\\n",
       "OFD_Expected      1.000000 -0.196114  0.969790  0.982401     0.459840   \n",
       "other            -0.196114  1.000000 -0.180966 -0.183832    -0.150969   \n",
       "OFD               0.969790 -0.180966  1.000000  0.960787     0.461995   \n",
       "Slam              0.982401 -0.183832  0.960787  1.000000     0.453621   \n",
       "Earlies_Exp       0.459840 -0.150969  0.461995  0.453621     1.000000   \n",
       "Earlies_Rec       0.523291 -0.159168  0.522613  0.539743     0.641676   \n",
       "MNR_SNR_Exp       0.425386 -0.157671  0.425077  0.437324     0.343068   \n",
       "Rollover          0.232141 -0.347974  0.222006  0.204646     0.205759   \n",
       "Returns           0.593163 -0.107830  0.590796  0.567776     0.235830   \n",
       "R_Sideline        0.070843 -0.101579  0.059895  0.051821     0.023157   \n",
       "Sideline         -0.104341 -0.069652 -0.102863 -0.085710     0.195119   \n",
       "weekday          -0.214981 -0.010271 -0.214435 -0.186469     0.076385   \n",
       "week_no          -0.060773  0.043272 -0.050742 -0.060488    -0.159243   \n",
       "country_code      0.165254 -0.091100  0.158037  0.166776     0.441709   \n",
       "station_code      0.615035 -0.190126  0.606966  0.619503     0.591792   \n",
       "fc_codes_0        0.055964 -0.060768  0.047536  0.062548     0.273591   \n",
       "fc_codes_1        0.018125  0.046864  0.023120  0.014478     0.142292   \n",
       "fc_codes_2       -0.178992 -0.034695 -0.179771 -0.183761    -0.041081   \n",
       "fc_codes_3       -0.018262  0.045427 -0.019821 -0.016666    -0.060555   \n",
       "fc_codes_4       -0.096801  0.089573 -0.098675 -0.096762    -0.109561   \n",
       "fc_codes_5       -0.215261  0.050925 -0.220748 -0.222918    -0.063290   \n",
       "\n",
       "              Earlies_Rec  MNR_SNR_Exp  Rollover   Returns  R_Sideline  ...  \\\n",
       "OFD_Expected     0.523291     0.425386  0.232141  0.593163    0.070843  ...   \n",
       "other           -0.159168    -0.157671 -0.347974 -0.107830   -0.101579  ...   \n",
       "OFD              0.522613     0.425077  0.222006  0.590796    0.059895  ...   \n",
       "Slam             0.539743     0.437324  0.204646  0.567776    0.051821  ...   \n",
       "Earlies_Exp      0.641676     0.343068  0.205759  0.235830    0.023157  ...   \n",
       "Earlies_Rec      1.000000     0.358330  0.227854  0.307341    0.179963  ...   \n",
       "MNR_SNR_Exp      0.358330     1.000000  0.250009  0.203188    0.046118  ...   \n",
       "Rollover         0.227854     0.250009  1.000000  0.131284    0.093744  ...   \n",
       "Returns          0.307341     0.203188  0.131284  1.000000    0.259542  ...   \n",
       "R_Sideline       0.179963     0.046118  0.093744  0.259542    1.000000  ...   \n",
       "Sideline         0.033127     0.027867  0.005341  0.064708    0.123084  ...   \n",
       "weekday         -0.063584    -0.079360 -0.085288 -0.121350   -0.263013  ...   \n",
       "week_no         -0.155561    -0.018827 -0.028807 -0.017490    0.010634  ...   \n",
       "country_code     0.445836     0.362924  0.225431  0.059599    0.164039  ...   \n",
       "station_code     0.601747     0.518559  0.309104  0.353186    0.161345  ...   \n",
       "fc_codes_0       0.278933     0.224775  0.157626 -0.253217    0.074738  ...   \n",
       "fc_codes_1       0.141756     0.045277  0.021670  0.179943   -0.004693  ...   \n",
       "fc_codes_2      -0.043937    -0.049159  0.029049 -0.059073    0.008011  ...   \n",
       "fc_codes_3      -0.062511    -0.060757 -0.050160 -0.063197   -0.000284  ...   \n",
       "fc_codes_4      -0.113363    -0.059399 -0.072276 -0.098685   -0.011973  ...   \n",
       "fc_codes_5      -0.066132    -0.071138 -0.021774 -0.138320   -0.060541  ...   \n",
       "\n",
       "               weekday   week_no  country_code  station_code  fc_codes_0  \\\n",
       "OFD_Expected -0.214981 -0.060773      0.165254      0.615035    0.055964   \n",
       "other        -0.010271  0.043272     -0.091100     -0.190126   -0.060768   \n",
       "OFD          -0.214435 -0.050742      0.158037      0.606966    0.047536   \n",
       "Slam         -0.186469 -0.060488      0.166776      0.619503    0.062548   \n",
       "Earlies_Exp   0.076385 -0.159243      0.441709      0.591792    0.273591   \n",
       "Earlies_Rec  -0.063584 -0.155561      0.445836      0.601747    0.278933   \n",
       "MNR_SNR_Exp  -0.079360 -0.018827      0.362924      0.518559    0.224775   \n",
       "Rollover     -0.085288 -0.028807      0.225431      0.309104    0.157626   \n",
       "Returns      -0.121350 -0.017490      0.059599      0.353186   -0.253217   \n",
       "R_Sideline   -0.263013  0.010634      0.164039      0.161345    0.074738   \n",
       "Sideline      0.463976 -0.012648      0.153659      0.159994    0.060334   \n",
       "weekday       1.000000 -0.034653     -0.030251     -0.022241   -0.060930   \n",
       "week_no      -0.034653  1.000000     -0.002055     -0.001062   -0.001248   \n",
       "country_code -0.030251 -0.002055      1.000000      0.699871    0.528446   \n",
       "station_code -0.022241 -0.001062      0.699871      1.000000    0.433461   \n",
       "fc_codes_0   -0.060930 -0.001248      0.528446      0.433461    1.000000   \n",
       "fc_codes_1   -0.018811 -0.000472      0.246503      0.087313   -0.327842   \n",
       "fc_codes_2   -0.015433  0.000499      0.067389     -0.094800   -0.253474   \n",
       "fc_codes_3    0.002930  0.000858     -0.023354     -0.117164   -0.073616   \n",
       "fc_codes_4    0.002010 -0.000796     -0.034422     -0.114546    0.052862   \n",
       "fc_codes_5   -0.003208 -0.001235     -0.010164     -0.137184   -0.138049   \n",
       "\n",
       "              fc_codes_1  fc_codes_2  fc_codes_3  fc_codes_4  fc_codes_5  \n",
       "OFD_Expected    0.018125   -0.178992   -0.018262   -0.096801   -0.215261  \n",
       "other           0.046864   -0.034695    0.045427    0.089573    0.050925  \n",
       "OFD             0.023120   -0.179771   -0.019821   -0.098675   -0.220748  \n",
       "Slam            0.014478   -0.183761   -0.016666   -0.096762   -0.222918  \n",
       "Earlies_Exp     0.142292   -0.041081   -0.060555   -0.109561   -0.063290  \n",
       "Earlies_Rec     0.141756   -0.043937   -0.062511   -0.113363   -0.066132  \n",
       "MNR_SNR_Exp     0.045277   -0.049159   -0.060757   -0.059399   -0.071138  \n",
       "Rollover        0.021670    0.029049   -0.050160   -0.072276   -0.021774  \n",
       "Returns         0.179943   -0.059073   -0.063197   -0.098685   -0.138320  \n",
       "R_Sideline     -0.004693    0.008011   -0.000284   -0.011973   -0.060541  \n",
       "Sideline       -0.001899    0.004996    0.000442   -0.005434   -0.052786  \n",
       "weekday        -0.018811   -0.015433    0.002930    0.002010   -0.003208  \n",
       "week_no        -0.000472    0.000499    0.000858   -0.000796   -0.001235  \n",
       "country_code    0.246503    0.067389   -0.023354   -0.034422   -0.010164  \n",
       "station_code    0.087313   -0.094800   -0.117164   -0.114546   -0.137184  \n",
       "fc_codes_0     -0.327842   -0.253474   -0.073616    0.052862   -0.138049  \n",
       "fc_codes_1      1.000000    0.145352   -0.020182   -0.100593    0.080514  \n",
       "fc_codes_2      0.145352    1.000000   -0.102374   -0.183627    0.045272  \n",
       "fc_codes_3     -0.020182   -0.102374    1.000000    0.138419    0.004589  \n",
       "fc_codes_4     -0.100593   -0.183627    0.138419    1.000000    0.020498  \n",
       "fc_codes_5      0.080514    0.045272    0.004589    0.020498    1.000000  \n",
       "\n",
       "[21 rows x 21 columns]"
      ]
     },
     "execution_count": 7,
     "metadata": {},
     "output_type": "execute_result"
    }
   ],
   "source": [
    "corr_MNR"
   ]
  },
  {
   "cell_type": "code",
   "execution_count": 12,
   "id": "095902f6-e040-4424-9b39-479c5033221e",
   "metadata": {},
   "outputs": [
    {
     "data": {
